5 0 0.9893951296150825
5 1 0.9147163823879413
5 2 0.7206658546488023
10 0 0.9987368421052631
10 1 0.9871227364185111
10 2 0.954954954954955
10 3 0.9224745497259201
10 4 0.8451273756570966
15 0 0.9980338183248132
15 1 0.9897354915120411
15 2 0.9790996784565916
15 3 0.9630512514898689
15 4 0.9391891891891891
15 5 0.9179343474779824
15 6 0.8819247877072381
20 0 1
20 1 0.9948677457560205
20 2 0.9875724937862469
20 3 0.9790182106096595
20 4 0.9750198255352894
20 5 0.9641851106639839
20 6 0.9533781114184117
20 7 0.9338265515824086
20 8 0.909234411996843
25 0 0.9983883964544722
25 1 0.9951593384429205
25 2 0.9894093686354379
25 3 0.9826612903225806
25 4 0.9829297340214371
25 5 0.976984126984127
25 6 0.9733763614360629
25 7 0.9594699922057678
25 8 0.9515728476821192
25 9 0.9340962904498816
25 10 0.9102040816326531
30 0 0.9960691823899371
30 1 0.99117529081428
30 2 0.9911059551430781
30 3 0.9880620771985674
30 4 0.9856115107913669
30 5 0.98
30 6 0.9789729073999192
30 7 0.9613152804642167
30 8 0.9574385005857087
30 9 0.9567288606589917
30 10 0.9445802770986145
30 11 0.9315121200461716
30 12 0.9220055710306406
35 0 0.9988095238095238
35 1 0.995580554439534
35 2 0.9897161661867544
35 3 0.9887459807073955
35 4 0.984399375975039
35 5 0.9824346405228758
35 6 0.9790828640386162
35 7 0.9719626168224299
35 8 0.9718597063621534
35 9 0.9621965777954636
35 10 0.9557592666400957
35 11 0.9497272018706158
35 12 0.9453730126375867
35 13 0.9289441991168206
35 14 0.9150456530369194
40 0 0.9961508852963818
40 1 0.9931229773462783
40 2 0.9941268598277212
40 3 0.9876897825194911
40 4 0.9882161722876879
40 5 0.9749393694421988
40 6 0.978
40 7 0.9728395061728395
40 8 0.9703406813627254
40 9 0.9684813753581661
40 10 0.9588377723970944
40 11 0.9575565251884173
40 12 0.9455040871934605
40 13 0.93879173290938
40 14 0.9342588811759902
40 15 0.9243369734789392
40 16 0.9157684630738523
