5 0 0.9964650432050275
5 1 0.9757239190797302
5 2 0.8889159561510354
10 0 0.9995368421052632
10 1 0.9966197183098592
10 2 0.9877007442224833
10 3 0.9727094753328113
10 4 0.9376465830974525
15 0 0.9994232533752786
15 1 0.9983682063429399
15 2 0.9945605573419078
15 3 0.9895378095616475
15 4 0.9840222575516693
15 5 0.9744061916199627
15 6 0.9563013883272679
20 0 1.0
20 1 0.9994078168180024
20 2 0.9977009113504557
20 3 0.9948535233570863
20 4 0.9949841395717685
20 5 0.9882897384305835
20 6 0.9829711576451995
20 7 0.9796958487464036
20 8 0.964147592738753
25 0 0.9998710717163578
25 1 0.9992254941508673
25 2 0.9978492871690428
25 3 0.9956774193548387
25 4 0.9967923779277491
25 5 0.9944285714285714
25 6 0.9922065348931021
25 7 0.9860015588464536
25 8 0.9851158940397351
25 9 0.9765114443567482
25 10 0.9641632653061224
30 0 0.9992793501048218
30 1 0.9985158443642198
30 2 0.9986078886310905
30 3 0.997692001591723
30 4 0.9978284039435119
30 5 0.9957959183673469
30 6 0.9935705620703599
30 7 0.9904319793681495
30 8 0.9878563061304179
30 9 0.9876935291782454
30 10 0.9824640043466449
30 11 0.9762216237014236
30 12 0.9688154927709245
35 0 0.9999092970521541
35 1 0.9998278138093325
35 2 0.9982017982017982
35 3 0.9988516306844281
35 4 0.9957209716960107
35 5 0.9977007469654529
35 6 0.9954717848523158
35 7 0.9947408138387415
35 8 0.992752272197623
35 9 0.9895514751861747
35 10 0.9868473495416501
35 11 0.9818951119029061
35 12 0.9816784112748238
35 13 0.9746286631874749
35 14 0.9657687290875063
40 0 0.999153194765204
40 1 0.9988066343042071
40 2 0.999030931871574
40 3 0.9974969224456298
40 4 0.9971556277935798
40 5 0.9966653193209377
40 6 0.99666
40 7 0.9934979423868313
40 8 0.992314629258517
40 9 0.990974212034384
40 10 0.9861985472154964
40 11 0.9865033716779056
40 12 0.9819579602958349
40 13 0.9816077106518283
40 14 0.9776847692935893
40 15 0.972971918876755
40 16 0.9680738522954092
