5 0 0.9971641791044776
5 1 0.9815311384371281
5 2 0.9156191636215997
10 0 0.9996631578947368
10 1 0.9978309859154929
10 2 0.9918801410105758
10 3 0.9818206734534064
10 4 0.9591346542660736
15 0 0.9996460872984664
15 1 0.9989774970390841
15 2 0.9967001607717042
15 3 0.9943742550655542
15 4 0.9908744038155803
15 5 0.9853122497998399
15 6 0.9758107561665993
20 0 1.0
20 1 0.9995854717726017
20 2 0.9988069594034797
20 3 0.9975534441805226
20 4 0.9974583663758921
20 5 0.9944708249496982
20 6 0.9919438956934018
20 7 0.9897657213316893
20 8 0.9818153117600631
25 0 0.9999194198227236
25 1 0.999560306575232
25 2 0.998908350305499
25 3 0.9978991935483871
25 4 0.9986224692338229
25 5 0.9978611111111111
25 6 0.9969745865268254
25 7 0.9939399844115354
25 8 0.9931167218543047
25 9 0.9888831886345698
25 10 0.9855469387755103
30 0 0.9997995283018868
30 1 0.9992498997192139
30 2 0.9996519721577726
30 3 0.9989693593314763
30 4 0.9988169464428457
30 5 0.9985755102040816
30 6 0.9977638495754145
30 7 0.9961818181818182
30 8 0.9953729012104646
30 9 0.9947280666931322
30 10 0.9926976365118174
30 11 0.9903578299345902
30 12 0.9873259052924791
35 0 0.9999642857142857
35 1 0.9998754519887505
35 2 0.9991320444261621
35 3 0.9995699356913184
35 4 0.9986427457098284
35 5 0.9988112745098039
35 6 0.99798873692679
35 7 0.9971800081267778
35 8 0.9971615008156607
35 9 0.996549940310386
35 10 0.994734954165006
35 11 0.9926617303195635
35 12 0.9929433346922136
35 13 0.9894660778803693
35 14 0.986593886462882
40 0 0.9996535796766743
40 1 0.9996521035598706
40 2 0.9994753328112764
40 3 0.9990972507180961
40 4 0.9988053636733035
40 5 0.9986822958771221
40 6 0.998736
40 7 0.9979218106995885
40 8 0.9967815631262525
40 9 0.9962341383544822
40 10 0.9951856335754641
40 11 0.9945220150733836
40 12 0.993557804593227
40 13 0.9931319554848966
40 14 0.992004899959167
40 15 0.9899453978159126
40 16 0.9869700598802396
