5 0 0.997788688138256
5 1 0.9842086473621579
5 2 0.9283597239139261
10 0 0.9997305263157895
10 1 0.9983943661971831
10 2 0.9937759498629064
10 3 0.9858457321848082
10 4 0.9682329154872624
15 0 0.9997286669288242
15 1 0.9991630477694433
15 2 0.9974959807073955
15 3 0.9957727453317441
15 4 0.9931717011128776
15 5 0.9890552441953563
15 6 0.9820582288718156
20 0 1.0
20 1 0.9996683774180813
20 2 0.9991259320629661
20 3 0.998230403800475
20 4 0.9980491673275178
20 5 0.995963782696177
20 6 0.994144606874753
20 7 0.9925154130702836
20 8 0.986570639305446
25 0 0.9999435938759065
25 1 0.9996934247680517
25 2 0.9991894093686354
25 3 0.998383064516129
25 4 0.9990273918221516
25 5 0.9984246031746031
25 6 0.997789431222267
25 7 0.9957599376461419
25 8 0.9950538079470199
25 9 0.9919889502762431
25 10 0.9898244897959184
30 0 0.999874213836478
30 1 0.999414360208584
30 2 0.9997486465583914
30 3 0.9992956625547155
30 4 0.9991326938449241
30 5 0.9989918367346938
30 6 0.9983582693085321
30 7 0.9972727272727273
30 8 0.9967903162827021
30 9 0.996161175069472
30 10 0.9947921760391198
30 11 0.9930242400923432
30 12 0.9911062475129327
35 0 0.9999722222222223
35 1 0.9998915226998795
35 2 0.9993336075689017
35 3 0.9996784565916399
35 4 0.9990210608424337
35 5 0.9990890522875817
35 6 0.9985076427996782
35 7 0.9978707842340512
35 8 0.9979934747145187
35 9 0.9974572224432948
35 10 0.9961976883220407
35 11 0.9947077162899455
35 12 0.9950387280880555
35 13 0.9924287434765154
35 14 0.9906629614926559
40 0 0.9997652040030793
40 1 0.9997491909385113
40 2 0.9996123727486296
40 3 0.9993065244152647
40 4 0.9991710686712718
40 5 0.9990541632983023
40 6 0.999076
40 7 0.9984732510288066
40 8 0.9977394789579158
40 9 0.9973024969300041
40 10 0.9965778853914448
40 11 0.9959579531931773
40 12 0.9954612689762553
40 13 0.9951589825119237
40 14 0.9941894650877909
40 15 0.9928861154446178
40 16 0.9905788423153693
