5 0 79
5 1 99
5 2 96
10 0 89
10 1 90
10 2 87
10 3 85
10 4 83
15 0 86
15 1 87
15 2 85
15 3 84
15 4 84
15 5 82
15 6 80
20 0 85
20 1 84
20 2 84
20 3 83
20 4 84
20 5 84
20 6 82
20 7 82
20 8 80
25 0 83
25 1 83
25 2 83
25 3 83
25 4 82
25 5 82
25 6 81
25 7 81
25 8 80
25 9 79
25 10 78
30 0 83
30 1 84
30 2 81
30 3 83
30 4 81
30 5 80
30 6 81
30 7 82
30 8 81
30 9 80
30 10 81
30 11 78
30 12 79
35 0 81
35 1 81
35 2 80
35 3 82
35 4 82
35 5 81
35 6 80
35 7 82
35 8 82
35 9 80
35 10 80
35 11 79
35 12 79
35 13 78
35 14 78
40 0 82
40 1 81
40 2 81
40 3 81
40 4 80
40 5 81
40 6 80
40 7 79
40 8 81
40 9 80
40 10 80
40 11 79
40 12 78
40 13 79
40 14 78
40 15 78
40 16 76
