5 0 84
5 1 99
5 2 97
10 0 92
10 1 93
10 2 90
10 3 89
10 4 87
15 0 90
15 1 90
15 2 89
15 3 88
15 4 88
15 5 87
15 6 85
20 0 90
20 1 89
20 2 89
20 3 88
20 4 88
20 5 88
20 6 87
20 7 87
20 8 86
25 0 88
25 1 88
25 2 88
25 3 88
25 4 87
25 5 87
25 6 86
25 7 87
25 8 86
25 9 86
25 10 85
30 0 88
30 1 89
30 2 87
30 3 88
30 4 87
30 5 86
30 6 87
30 7 87
30 8 87
30 9 86
30 10 86
30 11 85
30 12 85
35 0 87
35 1 87
35 2 86
35 3 87
35 4 88
35 5 87
35 6 86
35 7 87
35 8 87
35 9 86
35 10 86
35 11 85
35 12 85
35 13 85
35 14 85
40 0 87
40 1 87
40 2 87
40 3 87
40 4 87
40 5 87
40 6 86
40 7 86
40 8 87
40 9 86
40 10 87
40 11 86
40 12 85
40 13 86
40 14 85
40 15 85
40 16 84
