5 0 0.9989285714285714
5 1 0.9347252747252748
5 2 0.8638888888888889
10 0 0.9924637681159421
10 1 0.995
10 2 0.9795833333333334
10 3 0.9698765432098766
10 4 0.8997674418604651
15 0 0.9822093023255813
15 1 0.9880281690140845
15 2 0.9721052631578947
15 3 0.9739325842696629
15 4 0.9711940298507463
15 5 0.9578947368421052
15 6 0.9476923076923077
20 0 0.9859210526315789
20 1 0.9873611111111111
20 2 0.9816883116883117
20 3 0.9932098765432099
20 4 0.9862820512820513
20 5 0.9835869565217391
20 6 0.9726315789473684
20 7 0.9681818181818181
20 8 0.9611340206185567
25 0 0.9707246376811595
25 1 0.9889189189189189
25 2 0.9804545454545455
25 3 0.9777333333333333
25 4 0.9880597014925373
25 5 0.9626760563380282
25 6 0.9727380952380953
25 7 0.9657534246575342
25 8 0.9590140845070423
25 9 0.9718055555555556
25 10 0.9235593220338983
30 0 0.9838461538461538
30 1 0.9783561643835617
30 2 0.9824050632911392
30 3 0.9813114754098361
30 4 0.9650704225352112
30 5 0.9796470588235294
30 6 0.9839506172839506
30 7 0.9779104477611941
30 8 0.9597058823529412
30 9 0.972463768115942
30 10 0.9422222222222222
30 11 0.923375
30 12 0.9347619047619048
35 0 0.9843373493975903
35 1 0.9724242424242424
35 2 0.9801111111111112
35 3 0.9656338028169014
35 4 0.9775
35 5 0.9788372093023255
35 6 0.978909090909091
35 7 0.9769444444444444
35 8 0.9787341772151898
35 9 0.9743661971830986
35 10 0.9758064516129032
35 11 0.9677777777777777
35 12 0.9460526315789474
35 13 0.9794736842105263
35 14 0.9728205128205129
40 0 0.9766216216216216
40 1 0.985735294117647
40 2 0.9859375
40 3 0.9847619047619047
40 4 0.9827906976744186
40 5 0.9858620689655172
40 6 0.9697260273972603
40 7 0.97
40 8 0.9748051948051948
40 9 0.9931428571428571
40 10 0.9672972972972973
40 11 0.9738235294117648
40 12 0.9525
40 13 0.9685714285714285
40 14 0.938
40 15 0.9479487179487179
40 16 0.9529411764705882
