5 0 0.9880952380952381
5 1 0.8131868131868132
5 2 0.6666666666666666
10 0 0.9786324786324786
10 1 0.938
10 2 0.8290258449304175
10 3 0.772256728778468
10 4 0.6476377952755905
15 0 0.967280163599182
15 1 0.9490196078431372
15 2 0.8962075848303394
15 3 0.8691796008869179
15 4 0.814595660749507
15 5 0.7287784679089027
15 6 0.6380597014925373
20 0 0.7377049180327869
20 1 0.9444444444444444
20 2 0.8701298701298701
20 3 0.9382716049382716
20 4 0.8717948717948718
20 5 0.8913043478260869
20 6 0.8026315789473685
20 7 0.8311688311688312
20 8 0.8041237113402062
25 0 0.7971014492753623
25 1 0.918918918918919
25 2 0.8409090909090909
25 3 0.84
25 4 0.9253731343283582
25 5 0.7746478873239436
25 6 0.8333333333333334
25 7 0.8356164383561644
25 8 0.8028169014084507
25 9 0.8194444444444444
25 10 0.6610169491525424
30 0 0.8974358974358975
30 1 0.8082191780821918
30 2 0.8354430379746836
30 3 0.819672131147541
30 4 0.8028169014084507
30 5 0.8117647058823529
30 6 0.8395061728395061
30 7 0.835820895522388
30 8 0.7794117647058824
30 9 0.8115942028985508
30 10 0.691358024691358
30 11 0.675
30 12 0.7301587301587301
35 0 0.8554216867469879
35 1 0.803030303030303
35 2 0.8222222222222222
35 3 0.7887323943661971
35 4 0.8823529411764706
35 5 0.813953488372093
35 6 0.8363636363636363
35 7 0.875
35 8 0.7848101265822784
35 9 0.7887323943661971
35 10 0.7741935483870968
35 11 0.7530864197530864
35 12 0.7236842105263158
35 13 0.8552631578947368
35 14 0.7692307692307693
40 0 0.8243243243243243
40 1 0.8676470588235294
40 2 0.84375
40 3 0.8333333333333334
40 4 0.8255813953488372
40 5 0.8735632183908046
40 6 0.7671232876712328
40 7 0.7971014492753623
40 8 0.7792207792207793
40 9 0.9142857142857143
40 10 0.7702702702702703
40 11 0.7794117647058824
40 12 0.725
40 13 0.7532467532467533
40 14 0.6666666666666666
40 15 0.6538461538461539
40 16 0.7205882352941176
