5 0 0.9976190476190476
5 1 0.8989010989010989
5 2 0.7833333333333333
10 0 0.9903846153846154
10 1 0.984
10 2 0.9536779324055666
10 3 0.9163561076604555
10 4 0.8572834645669292
15 0 0.9866394001363327
15 1 0.986797385620915
15 2 0.9664670658682635
15 3 0.9654101995565411
15 4 0.9375410913872453
15 5 0.9066942719116632
15 6 0.8524875621890547
20 0 0.9147540983606557
20 1 0.9701388888888889
20 2 0.95
20 3 0.9753086419753086
20 4 0.9467948717948718
20 5 0.9429347826086957
20 6 0.906578947368421
20 7 0.874025974025974
20 8 0.8902061855670103
25 0 0.9072463768115943
25 1 0.9508108108108108
25 2 0.9404545454545454
25 3 0.9216
25 4 0.9588059701492537
25 5 0.8867605633802816
25 6 0.9214285714285714
25 7 0.8871232876712328
25 8 0.9070422535211268
25 9 0.8888888888888888
25 10 0.8013559322033899
30 0 0.9431623931623931
30 1 0.9073059360730593
30 2 0.9113924050632911
30 3 0.912568306010929
30 4 0.8723004694835681
30 5 0.9243137254901961
30 6 0.9259259259259259
30 7 0.9199004975124379
30 8 0.8833333333333333
30 9 0.8772946859903382
30 10 0.831275720164609
30 11 0.7979166666666667
30 12 0.819047619047619
35 0 0.9208261617900172
35 1 0.9112554112554112
35 2 0.9288888888888889
35 3 0.883702213279678
35 4 0.9357142857142857
35 5 0.9086378737541528
35 6 0.9194805194805195
35 7 0.9380952380952381
35 8 0.9157323688969259
35 9 0.8933601609657947
35 10 0.9004608294930876
35 11 0.8931216931216931
35 12 0.8360902255639098
35 13 0.912781954887218
35 14 0.8948717948717949
40 0 0.9081081081081082
40 1 0.9334558823529412
40 2 0.9421875
40 3 0.94375
40 4 0.9005813953488372
40 5 0.9281609195402298
40 6 0.888013698630137
40 7 0.913768115942029
40 8 0.8850649350649351
40 9 0.9610714285714286
40 10 0.8689189189189189
40 11 0.9077205882352941
40 12 0.8534375
40 13 0.8694805194805195
40 14 0.8113333333333334
40 15 0.8467948717948718
40 16 0.7988970588235295
