5 0 0.7532299741602068
5 1 0
5 2 0.37262606417812705
10 0 0.6061801446416831
10 1 0.5588235294117647
10 2 0.5392093324692158
10 3 0.4753211629479378
10 4 0.3816549069916613
15 0 0.5623735670937289
15 1 0.527375707992448
15 2 0.5287745429925524
15 3 0.48760330578512395
15 4 0.4674634794156706
15 5 0.40103492884864167
15 6 0.3952412425644415
20 0 0.5437262357414449
20 1 0.5303723056825604
20 2 0.5131313131313131
20 3 0.47625079164027867
20 4 0.4621260343730108
20 5 0.46247594611930726
20 6 0.4387822634017207
20 7 0.42018469656992086
20 8 0.3805426869622766
25 0 0.5327763496143959
25 1 0.532860824742268
25 2 0.5137328339575531
25 3 0.5242914979757085
25 4 0.5172413793103449
25 5 0.4657709532949456
25 6 0.45430809399477806
25 7 0.43890784982935155
25 8 0.4276315789473684
25 9 0.39081225033288947
25 10 0.36518324607329844
30 0 0.5464895635673624
30 1 0.5323510570147342
30 2 0.5069974554707379
30 3 0.49607843137254903
30 4 0.46679815910585143
30 5 0.466130114017438
30 6 0.46408137317228226
30 7 0.45517241379310347
30 8 0.44745325596389424
30 9 0.4241011984021305
30 10 0.4203569068076669
30 11 0.37993311036789296
30 12 0.37237643872714965
35 0 0.5514754098360656
35 1 0.5265922521339461
35 2 0.5208471211118465
35 3 0.5079974408189379
35 4 0.49934469200524245
35 5 0.4937376400791035
35 6 0.4669718770438195
35 7 0.46508474576271186
35 8 0.43163201008191554
35 9 0.43410852713178294
35 10 0.42337662337662335
35 11 0.38285340314136124
35 12 0.38089005235602097
35 13 0.385837193911317
35 14 0.38167435728411336
40 0 0.527027027027027
40 1 0.5335423197492163
40 2 0.5025157232704403
40 3 0.49580374435119434
40 4 0.5080282594733462
40 5 0.4849246231155779
40 6 0.4684343434343434
40 7 0.467524115755627
40 8 0.47179827471798275
40 9 0.4365743721828719
40 10 0.43217665615141954
40 11 0.4230769230769231
40 12 0.4089775561097257
40 13 0.4206145966709347
40 14 0.38515674984005116
40 15 0.3783231083844581
40 16 0.35860250494396834
