5 0 0.907235142118863
5 1 0.32727272727272727
5 2 0.7284872298624755
10 0 0.8277449046679816
10 1 0.8242966751918158
10 2 0.8145819831497083
10 3 0.7803245436105477
10 4 0.7087876844130853
15 0 0.7772982692739941
15 1 0.7755821271239773
15 2 0.7744075829383886
15 3 0.7587624496715406
15 4 0.7470562195661797
15 5 0.7071582578697715
15 6 0.6923992068737608
20 0 0.7556717363751584
20 1 0.7414435009797518
20 2 0.7412457912457913
20 3 0.7259024699176694
20 4 0.7224061107574793
20 5 0.7157152020525979
20 6 0.7050297816015884
20 7 0.6906662269129288
20 8 0.6515552614162806
25 0 0.7232390745501286
25 1 0.7255927835051547
25 2 0.7189513108614233
25 3 0.7294736842105263
25 4 0.7227846454131425
25 5 0.6958157389635317
25 6 0.6877545691906005
25 7 0.687481228668942
25 8 0.6706842105263158
25 9 0.6485486018641811
25 10 0.6251832460732984
30 0 0.7142104153489353
30 1 0.7096519325218876
30 2 0.6971162001696353
30 3 0.6940522875816993
30 4 0.6754328292789831
30 5 0.6841269841269841
30 6 0.680080525535071
30 7 0.6760919540229885
30 8 0.681130453470879
30 9 0.6611628939192188
30 10 0.647962106190791
30 11 0.626577480490524
30 12 0.614127736402618
35 0 0.7030070257611242
35 1 0.6903104774411406
35 2 0.6946204027607072
35 3 0.6871401151631478
35 4 0.6880921175809773
35 5 0.6835483567190884
35 6 0.6722788003363543
35 7 0.6663244552058112
35 8 0.6561886758484112
35 9 0.6581949058693245
35 10 0.6380705009276438
35 11 0.6225504861630516
35 12 0.6284218399401645
35 13 0.6182282310674104
35 14 0.6285337602410773
40 0 0.6804697554697555
40 1 0.6904075235109718
40 2 0.6745440251572327
40 3 0.6728211749515817
40 4 0.6869621066152858
40 5 0.6741677135678392
40 6 0.674352904040404
40 7 0.667379421221865
40 8 0.6750663570006635
40 9 0.6532839665164198
40 10 0.6550946372239748
40 11 0.6457597730138713
40 12 0.6394170822942643
40 13 0.6412612035851473
40 14 0.6251439539347409
40 15 0.6187457396046353
40 16 0.5951054713249835
