5 0 0.9451679586563307
5 1 0.5708441558441558
5 2 0.8044793713163065
10 0 0.9031821170282709
10 1 0.8983951406649616
10 2 0.885800388852884
10 3 0.860317782285328
10 4 0.8158434894162925
15 0 0.8948752528658125
15 1 0.8844367526746382
15 2 0.8835545023696683
15 3 0.8724221233312143
15 4 0.8608034528552457
15 5 0.833699870633894
15 6 0.8190812954395241
20 0 0.8828897338403042
20 1 0.8753755715218812
20 2 0.8752592592592593
20 3 0.8639392020265991
20 4 0.8596753660089115
20 5 0.8514239897370109
20 6 0.8488219722038385
20 7 0.834287598944591
20 8 0.8178027796161482
25 0 0.8719987146529563
25 1 0.8731829896907216
25 2 0.8691136079900125
25 3 0.8701079622132254
25 4 0.8646454131424853
25 5 0.852635956493922
25 6 0.8454308093994778
25 7 0.8439658703071672
25 8 0.8351052631578947
25 9 0.8226098535286285
25 10 0.807696335078534
30 0 0.8711132194813409
30 1 0.8690134529147983
30 2 0.8610559796437659
30 3 0.8586732026143791
30 4 0.8516107823800132
30 5 0.8522669349429913
30 6 0.8513350286077559
30 7 0.8466758620689655
30 8 0.8447130883301096
30 9 0.8364447403462051
30 10 0.826787838730998
30 11 0.8170501672240803
30 12 0.8108733920108327
35 0 0.8698557377049181
35 1 0.8648260013131976
35 2 0.8647319655857049
35 3 0.8614587332053742
35 4 0.8610681520314548
35 5 0.8551417270929466
35 6 0.8533158927403531
35 7 0.8488271186440678
35 8 0.8438122243226213
35 9 0.8434819121447028
35 10 0.8310324675324675
35 11 0.8239005235602094
35 12 0.8235929319371728
35 13 0.8220317670416942
35 14 0.8237903757415953
40 0 0.8633783783783784
40 1 0.8673354231974921
40 2 0.8599245283018868
40 3 0.8556294383473209
40 4 0.8632113037893385
40 5 0.8553077889447236
40 6 0.855189393939394
40 7 0.8498135048231511
40 8 0.8528268082282681
40 9 0.8426722472633612
40 10 0.8403091482649843
40 11 0.838530895334174
40 12 0.8337593516209476
40 13 0.8324775928297055
40 14 0.8249200255918107
40 15 0.8217655078391275
40 16 0.8126565589980224
