5 0 0.9603811369509044
5 1 0.6588961038961039
5 2 0.8350884086444008
10 0 0.9314332675871138
10 1 0.928222506393862
10 2 0.9163318211276734
10 3 0.8937187288708587
10 4 0.8596472097498397
15 0 0.9300472016183412
15 1 0.9233039647577093
15 2 0.9219431279620853
15 3 0.9129942784488239
15 4 0.9045816733067729
15 5 0.8857891332470893
15 6 0.8719894249834765
20 0 0.9230164765525982
20 1 0.9179947746570869
20 2 0.9182356902356902
20 3 0.9093223559214693
20 4 0.9056206238064927
20 5 0.8999230275817832
20 6 0.8983984116479153
20 7 0.8875857519788918
20 8 0.8758239576439444
25 0 0.9197750642673522
25 1 0.9205476804123711
25 2 0.9173657927590512
25 3 0.9163697705802969
25 4 0.9133571893298633
25 5 0.9048816378758797
25 6 0.8988838120104439
25 7 0.8964709897610922
25 8 0.8907434210526316
25 9 0.8818575233022636
25 10 0.8701701570680628
30 0 0.9191777356103732
30 1 0.9179820627802691
30 2 0.9123282442748092
30 3 0.9110718954248366
30 4 0.9051610782380013
30 5 0.9056539235412475
30 6 0.9051366815003179
30 7 0.9009655172413793
30 8 0.8980786589297227
30 9 0.8924167776298269
30 10 0.8858294778585591
30 11 0.8787759197324415
30 12 0.8733446174678402
35 0 0.9187737704918033
35 1 0.9149179251477347
35 2 0.9141032428855063
35 3 0.9123288547664747
35 4 0.9109370904325033
35 5 0.907152274225445
35 6 0.9064617396991498
35 7 0.9031186440677966
35 8 0.8992249527410208
35 9 0.8973643410852713
35 10 0.8915194805194805
35 11 0.8847971204188482
35 12 0.8831806282722513
35 13 0.8839311714096625
35 14 0.882201713909031
40 0 0.9154761904761904
40 1 0.9172413793103449
40 2 0.9120880503144654
40 3 0.9081471917366043
40 4 0.9135324341682723
40 5 0.9081344221105527
40 6 0.9070075757575757
40 7 0.9044244372990353
40 8 0.9058195089581951
40 9 0.8976819059884096
40 10 0.896372239747634
40 11 0.895655737704918
40 12 0.8913778054862843
40 13 0.8910627400768246
40 14 0.8847920665387076
40 15 0.882569870483981
40 16 0.8770797626895188
