5 0 0.9979761904761905
5 1 0.92
5 2 0.8306944444444444
10 0 0.9855072463768116
10 1 0.9907894736842106
10 2 0.9702777777777778
10 3 0.957283950617284
10 4 0.8639534883720931
15 0 0.9744186046511628
15 1 0.9836619718309859
15 2 0.9556578947368422
15 3 0.958876404494382
15 4 0.9586567164179104
15 5 0.9384210526315789
15 6 0.9234615384615384
20 0 0.9789473684210527
20 1 0.9827777777777778
20 2 0.9727272727272728
20 3 0.9891358024691358
20 4 0.9767948717948718
20 5 0.9748913043478261
20 6 0.9573684210526315
20 7 0.9516883116883117
20 8 0.9457731958762886
25 0 0.9540579710144927
25 1 0.9818918918918919
25 2 0.9718181818181818
25 3 0.9657333333333333
25 4 0.9837313432835821
25 5 0.9470422535211268
25 6 0.9614285714285714
25 7 0.9472602739726027
25 8 0.943943661971831
25 9 0.9576388888888889
25 10 0.8942372881355932
30 0 0.9746153846153847
30 1 0.9654794520547946
30 2 0.9718987341772152
30 3 0.9691803278688524
30 4 0.9485915492957746
30 5 0.9698823529411764
30 6 0.9774074074074074
30 7 0.9653731343283583
30 8 0.9451470588235295
30 9 0.9579710144927536
30 10 0.9217283950617284
30 11 0.888625
30 12 0.900952380952381
35 0 0.9728915662650602
35 1 0.9583333333333334
35 2 0.9685555555555555
35 3 0.9491549295774648
35 4 0.9630882352941177
35 5 0.9663953488372093
35 6 0.9663636363636363
35 7 0.9665277777777778
35 8 0.9683544303797469
35 9 0.9598591549295774
35 10 0.9632258064516129
35 11 0.9519753086419753
35 12 0.9225
35 13 0.9678947368421053
35 14 0.9602564102564103
40 0 0.9654054054054054
40 1 0.9789705882352941
40 2 0.98015625
40 3 0.9742857142857143
40 4 0.973139534883721
40 5 0.978735632183908
40 6 0.955068493150685
40 7 0.9526086956521739
40 8 0.9614285714285714
40 9 0.9874285714285714
40 10 0.9505405405405405
40 11 0.9619117647058824
40 12 0.930625
40 13 0.9515584415584416
40 14 0.9117333333333333
40 15 0.9248717948717948
40 16 0.9247058823529412
