5 1 99
5 2 97
10 0 99
10 1 99
10 2 99
10 3 99
10 4 98
15 0 99
15 1 99
15 2 99
15 3 99
15 4 99
15 5 99
15 6 98
20 0 99
20 1 99
20 2 99
20 3 99
20 4 99
20 5 99
20 6 99
20 7 98
20 8 98
25 0 99
25 1 99
25 2 99
25 3 99
25 4 99
25 5 99
25 6 99
25 7 99
25 8 99
25 9 98
25 10 98
30 0 99
30 1 99
30 2 99
30 3 99
30 4 99
30 5 99
30 6 99
30 7 99
30 8 99
30 9 99
30 10 98
30 11 99
30 12 99
35 0 99
35 1 99
35 2 99
35 3 99
35 4 99
35 5 99
35 6 99
35 7 99
35 8 99
35 9 99
35 10 99
35 11 99
35 12 98
35 13 98
35 14 99
40 0 95
40 1 95
40 2 95
40 3 95
40 4 95
40 5 95
40 6 95
40 7 95
40 8 95
40 9 95
40 10 95
40 11 95
40 12 95
40 13 95
40 14 95
40 15 95
40 16 94
