5 0 0.795045871559633
5 1 0.9909039548022599
5 2 0.9625069637883008
10 0 0.991248654467169
10 1 0.9900207684319834
10 2 0.990764192139738
10 3 0.9853318584070796
10 4 0.9870543478260869
15 0 0.9921227887617066
15 1 0.9918506493506494
15 2 0.989743062692703
15 3 0.9884479166666666
15 4 0.9882743837084673
15 5 0.9886601307189542
15 6 0.9829979253112033
20 0 0.9875695159629249
20 1 0.9876133909287257
20 2 0.9846068660022148
20 3 0.9902228976697062
20 4 0.9872477064220183
20 5 0.9898933901918977
20 6 0.9891703056768559
20 7 0.9892282608695652
20 8 0.9818821096173733
25 0 0.9881798483206934
25 1 0.9888721804511278
25 2 0.987711496746204
25 3 0.9832061855670103
25 4 0.9869625668449198
25 5 0.987360672975815
25 6 0.9881808838643371
25 7 0.9892
25 8 0.994313725490196
25 9 0.799320652173913
25 10 0.9846992054483541
30 0 0.8390659340659341
30 1 0.8422520107238606
30 2 0.818404255319149
30 3 0.8305382436260623
30 4 0.8148946135831382
30 5 0.8063315217391305
30 6 0.8147214076246334
30 7 0.8217268041237114
30 8 0.8145945945945946
30 9 0.803325
30 10 0.8111111111111111
30 11 0.7866838046272494
30 12 0.7901933701657459
35 0 0.819504132231405
35 1 0.8150123456790124
35 2 0.8069616519174041
35 3 0.8203166226912929
35 4 0.8239946380697051
35 5 0.8114325068870524
35 6 0.8026829268292683
35 7 0.8203208556149733
35 8 0.8216710875331565
35 9 0.808300283286119
35 10 0.8096891191709844
35 11 0.7962326869806094
35 12 0.7917464788732395
35 13 0.7859894459102902
35 14 0.7884061696658098
40 0 0.8208333333333333
40 1 0.8197222222222222
40 2 0.8170801033591731
40 3 0.818167115902965
40 4 0.8097493036211699
40 5 0.8163881401617251
40 6 0.807146529562982
40 7 0.7972910662824207
40 8 0.8138297872340425
40 9 0.802962962962963
40 10 0.8095844875346261
40 11 0.796282722513089
40 12 0.7846005509641873
40 13 0.7999473684210526
40 14 0.781180904522613
40 15 0.7831460674157303
40 16 0.7683084577114427
