5 0 0.8410091743119266
5 1 0.9932485875706215
5 2 0.9710306406685236
10 0 0.9918729817007536
10 1 0.9907268951194185
10 2 0.9918340611353712
10 3 0.9877654867256637
10 4 0.9889782608695652
15 0 0.9927679500520291
15 1 0.9924242424242424
15 2 0.9904727646454266
15 3 0.9892083333333334
15 4 0.9895391211146838
15 5 0.9900653594771242
15 6 0.985155601659751
20 0 0.9883110195674563
20 1 0.9884341252699784
20 2 0.9855260243632337
20 3 0.9911651469098277
20 4 0.9882059123343527
20 5 0.990639658848614
20 6 0.99
20 7 0.9900543478260869
20 8 0.9842812823164426
25 0 0.9888949079089924
25 1 0.9897099892588614
25 2 0.9884598698481561
25 3 0.9843505154639175
25 4 0.9881497326203209
25 5 0.9883070452155626
25 6 0.9895786228160329
25 7 0.9902358974358975
25 8 0.9947320261437909
25 9 0.8604891304347826
25 10 0.9869012485811578
30 0 0.889065934065934
30 1 0.8916353887399464
30 2 0.8749202127659574
30 3 0.883314447592068
30 4 0.8711709601873536
30 5 0.8644021739130435
30 6 0.871642228739003
30 7 0.8762628865979382
30 8 0.8713243243243243
30 9 0.86435
30 10 0.8695502645502645
30 11 0.8524164524421594
30 12 0.8552762430939227
35 0 0.8771074380165289
35 1 0.8734074074074074
35 2 0.8676696165191741
35 3 0.8776517150395778
35 4 0.8802680965147454
35 5 0.8704132231404959
35 6 0.8657994579945799
35 7 0.8766577540106952
35 8 0.877002652519894
35 9 0.8692634560906516
35 10 0.8693782383419689
35 11 0.8591135734072022
35 12 0.8562816901408451
35 13 0.8543007915567282
35 14 0.8550899742930591
40 0 0.8786781609195402
40 1 0.8786616161616162
40 2 0.8753229974160207
40 3 0.8776819407008086
40 4 0.8718105849582173
40 5 0.875822102425876
40 6 0.869974293059126
40 7 0.8620172910662824
40 8 0.8733096926713948
40 9 0.8656613756613757
40 10 0.872409972299169
40 11 0.8628010471204188
40 12 0.8518181818181818
40 13 0.8622105263157894
40 14 0.8510050251256281
40 15 0.8510393258426966
40 16 0.8407462686567164
